% time	cellId	IMSI	frame	sframe	RNTI	mcs	size
2.014	1	1	202	5	1	0	349
2.015	1	2	202	6	2	0	349
2.016	1	1	202	7	1	0	349
2.017	1	2	202	8	2	0	349
2.018	1	1	202	9	1	0	349
2.019	1	2	202	10	2	0	349
2.02	1	1	203	1	1	0	349
3.011	1	2	302	2	2	28	9422
3.012	1	1	302	3	1	28	9422
4.011	1	2	402	2	2	0	349
4.012	1	1	402	3	1	0	349
4.013	1	2	402	4	2	0	349
4.014	1	1	402	5	1	0	349
4.015	1	2	402	6	2	0	349
4.016	1	1	402	7	1	0	349
4.017	1	2	402	8	2	28	9422
4.018	1	1	402	9	1	28	9422
5.011	1	2	502	2	2	28	9422
5.012	1	1	502	3	1	28	9422
6.011	1	2	602	2	2	28	9422
6.012	1	1	602	3	1	28	9422
7.011	1	2	702	2	2	0	349
7.012	1	1	702	3	1	0	349
7.013	1	2	702	4	2	0	349
7.014	1	1	702	5	1	0	349
7.015	1	2	702	6	2	0	349
7.016	1	1	702	7	1	0	349
7.017	1	2	702	8	2	26	7708
7.018	1	1	702	9	1	26	7708
8.011	1	2	802	2	2	24	6882
8.012	1	1	802	3	1	24	6882
9.011	1	2	902	2	2	24	6882
9.012	1	1	902	3	1	24	6882
10.011	1	2	1002	2	2	0	349
10.012	1	1	1002	3	1	0	349
10.013	1	2	1002	4	2	0	349
10.014	1	1	1002	5	1	0	349
10.015	1	2	1002	6	2	0	349
10.016	1	1	1002	7	1	0	349
10.017	1	2	1002	8	2	22	5861
10.018	1	1	1002	9	1	22	5861
11.011	1	2	1102	2	2	22	5861
11.012	1	1	1102	3	1	22	5861
12.011	1	2	1202	2	2	22	5861
12.012	1	1	1202	3	1	22	5861
13.011	1	2	1302	2	2	0	349
13.012	1	1	1302	3	1	20	4904
14.011	1	2	1402	2	2	20	4904
14.012	1	1	1402	3	1	20	4904
15.011	1	2	1502	2	2	0	349
15.012	1	1	1502	3	1	18	4107
16.011	1	2	1602	2	2	18	4107
16.012	1	1	1602	3	1	18	4107
17.011	1	2	1702	2	2	18	4107
17.012	1	1	1702	3	1	18	4107
18.011	1	2	1802	2	2	18	4107
18.012	1	1	1802	3	1	18	4107
19.011	1	2	1902	2	2	0	349
19.012	1	1	1902	3	1	0	349
19.013	1	2	1902	4	2	0	349
19.014	1	1	1902	5	1	0	349
19.015	1	2	1902	6	2	0	349
19.016	1	1	1902	7	1	0	349
19.017	1	2	1902	8	2	16	3822
19.018	1	1	1902	9	1	16	3822
20.011	1	2	2002	2	2	16	3822
20.012	1	1	2002	3	1	16	3822
21.011	1	2	2102	2	2	16	3822
21.012	1	1	2102	3	1	16	3822
22.011	1	2	2202	2	2	0	349
22.012	1	1	2202	3	1	0	349
22.013	1	2	2202	4	2	0	349
22.014	1	1	2202	5	1	0	349
22.015	1	2	2202	6	2	0	349
22.016	1	1	2202	7	1	0	349
22.017	1	2	2202	8	2	14	3182
22.018	1	1	2202	9	1	14	3182
23.011	1	2	2302	2	2	14	3182
23.012	1	1	2302	3	1	14	3182
24.011	1	2	2402	2	2	14	3182
24.012	1	1	2402	3	1	14	3182
25.011	1	2	2502	2	2	14	3182
25.012	1	1	2502	3	1	14	3182
26.011	1	2	2602	2	2	14	3182
26.012	1	1	2602	3	1	14	3182
27.011	1	2	2702	2	2	12	2481
27.012	1	1	2702	3	1	12	2481
28.011	1	2	2802	2	2	12	2481
28.012	1	1	2802	3	1	12	2481
29.011	1	2	2902	2	2	12	2481
29.012	1	1	2902	3	1	12	2481
30.011	1	2	3002	2	2	12	2481
30.012	1	1	3002	3	1	12	2481
31.011	1	2	3102	2	2	0	349
31.012	1	1	3102	3	1	12	2481
32.011	1	2	3202	2	2	12	2481
32.012	1	1	3202	3	1	12	2481
33.011	1	2	3302	2	2	0	349
33.012	1	1	3302	3	1	10	1980
34.011	1	2	3402	2	2	10	1980
34.012	1	1	3402	3	1	10	1980
35.011	1	2	3502	2	2	10	1980
35.012	1	1	3502	3	1	10	1980
36.011	1	2	3602	2	2	10	1980
36.012	1	1	3602	3	1	10	1980
37.011	1	2	3702	2	2	10	1980
37.012	1	1	3702	3	1	10	1980
38.011	1	2	3802	2	2	10	1980
38.012	1	1	3802	3	1	10	1980
39.011	1	2	3902	2	2	8	1764
39.012	1	1	3902	3	1	8	1764
40.011	1	2	4002	2	2	8	1764
40.012	1	1	4002	3	1	8	1764
41.011	1	2	4102	2	2	8	1764
41.012	1	1	4102	3	1	8	1764
42.011	1	2	4202	2	2	8	1764
42.012	1	1	4202	3	1	8	1764
43.011	1	2	4302	2	2	8	1764
43.012	1	1	4302	3	1	8	1764
44.011	1	2	4402	2	2	8	1764
44.012	1	1	4402	3	1	8	1764
45.011	1	2	4502	2	2	8	1764
45.012	1	1	4502	3	1	8	1764
46.011	1	2	4602	2	2	8	1764
46.012	1	1	4602	3	1	8	1764
47.011	1	2	4702	2	2	6	1287
47.012	1	1	4702	3	1	6	1287
48.011	1	2	4802	2	2	6	1287
48.012	1	1	4802	3	1	6	1287
49.011	1	2	4902	2	2	6	1287
49.012	1	1	4902	3	1	6	1287
50.011	1	2	5002	2	2	6	1287
50.012	1	1	5002	3	1	6	1287
51.011	1	2	5102	2	2	6	1287
51.012	1	1	5102	3	1	6	1287
52.011	1	2	5202	2	2	6	1287
52.012	1	1	5202	3	1	6	1287
53.011	1	2	5302	2	2	6	1287
53.012	1	1	5302	3	1	6	1287
54.011	1	2	5402	2	2	6	1287
54.012	1	1	5402	3	1	6	1287
55.011	1	2	5502	2	2	6	1287
55.012	1	1	5502	3	1	6	1287
56.011	1	2	5602	2	2	6	1287
56.012	1	1	5602	3	1	6	1287
57.011	1	2	5702	2	2	6	1287
57.012	1	1	5702	3	1	6	1287
58.011	1	2	5802	2	2	6	1287
58.012	1	1	5802	3	1	6	1287
59.011	1	2	5902	2	2	4	903
59.012	1	1	5902	3	1	4	903
59.013	1	2	5902	4	2	4	903
59.014	1	1	5902	5	1	4	903
60.011	1	2	6002	2	2	4	903
60.012	1	1	6002	3	1	4	903
60.013	1	2	6002	4	2	4	903
60.014	1	1	6002	5	1	4	903
61.011	1	2	6102	2	2	4	903
61.012	1	1	6102	3	1	4	903
61.013	1	2	6102	4	2	4	903
61.014	1	1	6102	5	1	4	903
62.011	1	2	6202	2	2	4	903
62.012	1	1	6202	3	1	4	903
62.013	1	2	6202	4	2	4	903
62.014	1	1	6202	5	1	4	903
63.011	1	2	6302	2	2	4	903
63.012	1	1	6302	3	1	4	903
63.013	1	2	6302	4	2	4	903
63.014	1	1	6302	5	1	4	903
64.011	1	2	6402	2	2	4	903
64.012	1	1	6402	3	1	4	903
64.013	1	2	6402	4	2	4	903
64.014	1	1	6402	5	1	4	903
65.011	1	2	6502	2	2	4	903
65.012	1	1	6502	3	1	4	903
65.013	1	2	6502	4	2	4	903
65.014	1	1	6502	5	1	4	903
66.011	1	2	6602	2	2	4	903
66.012	1	1	6602	3	1	4	903
66.013	1	2	6602	4	2	4	903
66.014	1	1	6602	5	1	4	903
67.011	1	2	6702	2	2	4	903
67.012	1	1	6702	3	1	4	903
67.013	1	2	6702	4	2	4	903
67.014	1	1	6702	5	1	4	903
68.011	1	2	6802	2	2	4	903
68.012	1	1	6802	3	1	4	903
68.013	1	2	6802	4	2	4	903
68.014	1	1	6802	5	1	4	903
69.011	1	2	6902	2	2	4	903
69.012	1	1	6902	3	1	4	903
69.013	1	2	6902	4	2	4	903
69.014	1	1	6902	5	1	4	903
70.011	1	2	7002	2	2	4	903
70.012	1	1	7002	3	1	4	903
70.013	1	2	7002	4	2	4	903
70.014	1	1	7002	5	1	4	903
71.011	1	2	7102	2	2	4	903
71.012	1	1	7102	3	1	4	903
71.013	1	2	7102	4	2	4	903
71.014	1	1	7102	5	1	4	903
72.011	1	2	7202	2	2	4	903
72.012	1	1	7202	3	1	4	903
72.013	1	2	7202	4	2	4	903
72.014	1	1	7202	5	1	4	903
73.011	1	2	7302	2	2	4	903
73.012	1	1	7302	3	1	4	903
73.013	1	2	7302	4	2	4	903
73.014	1	1	7302	5	1	4	903
74.011	1	2	7402	2	2	4	903
74.012	1	1	7402	3	1	4	903
74.013	1	2	7402	4	2	4	903
74.014	1	1	7402	5	1	4	903
75.011	1	2	7502	2	2	4	903
75.012	1	1	7502	3	1	4	903
75.013	1	2	7502	4	2	4	903
75.014	1	1	7502	5	1	4	903
76.011	1	2	7602	2	2	4	903
76.012	1	1	7602	3	1	4	903
76.013	1	2	7602	4	2	4	903
76.014	1	1	7602	5	1	4	903
77.011	1	2	7702	2	2	2	573
77.012	1	1	7702	3	1	4	903
77.013	1	2	7702	4	2	2	573
77.014	1	1	7702	5	1	4	903
78.011	1	2	7802	2	2	2	573
78.012	1	1	7802	3	1	2	573
78.013	1	2	7802	4	2	2	573
78.014	1	1	7802	5	1	2	573
79.011	1	2	7902	2	2	2	573
79.012	1	1	7902	3	1	2	573
79.013	1	2	7902	4	2	2	573
79.014	1	1	7902	5	1	2	573
80.011	1	2	8002	2	2	2	573
80.012	1	1	8002	3	1	2	573
80.013	1	2	8002	4	2	2	573
80.014	1	1	8002	5	1	2	573
81.011	1	2	8102	2	2	2	573
81.012	1	1	8102	3	1	2	573
81.013	1	2	8102	4	2	2	573
81.014	1	1	8102	5	1	2	573
82.011	1	2	8202	2	2	2	573
82.012	1	1	8202	3	1	2	573
82.013	1	2	8202	4	2	2	573
82.014	1	1	8202	5	1	2	573
83.011	1	2	8302	2	2	2	573
83.012	1	1	8302	3	1	2	573
83.013	1	2	8302	4	2	2	573
83.014	1	1	8302	5	1	2	573
84.011	1	2	8402	2	2	2	573
84.012	1	1	8402	3	1	2	573
84.013	1	2	8402	4	2	2	573
84.014	1	1	8402	5	1	2	573
85.011	1	2	8502	2	2	2	573
85.012	1	1	8502	3	1	2	573
85.013	1	2	8502	4	2	2	573
85.014	1	1	8502	5	1	2	573
86.011	1	2	8602	2	2	2	573
86.012	1	1	8602	3	1	2	573
86.013	1	2	8602	4	2	2	573
86.014	1	1	8602	5	1	2	573
87.011	1	2	8702	2	2	2	573
87.012	1	1	8702	3	1	2	573
87.013	1	2	8702	4	2	2	573
87.014	1	1	8702	5	1	2	573
88.011	1	2	8802	2	2	2	573
88.012	1	1	8802	3	1	2	573
88.013	1	2	8802	4	2	2	573
88.014	1	1	8802	5	1	2	573
89.011	1	2	8902	2	2	2	573
89.012	1	1	8902	3	1	2	573
89.013	1	2	8902	4	2	2	573
89.014	1	1	8902	5	1	2	573
90.011	1	2	9002	2	2	2	573
90.012	1	1	9002	3	1	2	573
90.013	1	2	9002	4	2	2	573
90.014	1	1	9002	5	1	2	573
91.011	1	2	9102	2	2	2	573
91.012	1	1	9102	3	1	2	573
91.013	1	2	9102	4	2	2	573
91.014	1	1	9102	5	1	2	573
92.011	1	2	9202	2	2	2	573
92.012	1	1	9202	3	1	2	573
92.013	1	2	9202	4	2	2	573
92.014	1	1	9202	5	1	2	573
93.011	1	2	9302	2	2	2	573
93.012	1	1	9302	3	1	2	573
93.013	1	2	9302	4	2	2	573
93.014	1	1	9302	5	1	2	573
94.011	1	2	9402	2	2	2	573
94.012	1	1	9402	3	1	2	573
94.013	1	2	9402	4	2	2	573
94.014	1	1	9402	5	1	2	573
95.011	1	2	9502	2	2	2	573
95.012	1	1	9502	3	1	2	573
95.013	1	2	9502	4	2	2	573
95.014	1	1	9502	5	1	2	573
96.011	1	2	9602	2	2	2	573
96.012	1	1	9602	3	1	2	573
96.013	1	2	9602	4	2	2	573
96.014	1	1	9602	5	1	2	573
97.011	1	2	9702	2	2	2	573
97.012	1	1	9702	3	1	2	573
97.013	1	2	9702	4	2	2	573
97.014	1	1	9702	5	1	2	573
98.011	1	2	9802	2	2	2	573
98.012	1	1	9802	3	1	2	573
98.013	1	2	9802	4	2	2	573
98.014	1	1	9802	5	1	2	573
99.011	1	2	9902	2	2	2	573
99.012	1	1	9902	3	1	2	573
99.013	1	2	9902	4	2	2	573
99.014	1	1	9902	5	1	2	573
100.011	1	2	10002	2	2	2	573
100.012	1	1	10002	3	1	2	573
100.013	1	2	10002	4	2	2	573
100.014	1	1	10002	5	1	2	573
101.011	1	2	10102	2	2	2	573
101.012	1	1	10102	3	1	2	573
101.013	1	2	10102	4	2	2	573
101.014	1	1	10102	5	1	2	573
102.011	1	2	10202	2	2	0	349
102.012	1	1	10202	3	1	2	573
102.013	1	2	10202	4	2	0	349
102.014	1	1	10202	5	1	2	573
103.011	1	2	10302	2	2	0	349
103.012	1	1	10302	3	1	0	349
103.013	1	2	10302	4	2	0	349
103.014	1	1	10302	5	1	0	349
103.015	1	2	10302	6	2	0	349
103.016	1	1	10302	7	1	0	349
103.017	1	2	10302	8	2	0	349
103.018	1	1	10302	9	1	0	349
104.011	1	2	10402	2	2	0	349
104.012	1	1	10402	3	1	0	349
104.013	1	2	10402	4	2	0	349
104.014	1	1	10402	5	1	0	349
104.015	1	2	10402	6	2	0	349
104.016	1	1	10402	7	1	0	349
104.017	1	2	10402	8	2	0	349
104.018	1	1	10402	9	1	0	349
105.011	1	2	10502	2	2	0	349
105.012	1	1	10502	3	1	0	349
105.013	1	2	10502	4	2	0	349
105.014	1	1	10502	5	1	0	349
105.015	1	2	10502	6	2	0	349
105.016	1	1	10502	7	1	0	349
105.017	1	2	10502	8	2	0	349
105.018	1	1	10502	9	1	0	349
106.011	1	2	10602	2	2	0	349
106.012	1	1	10602	3	1	0	349
106.013	1	2	10602	4	2	0	349
106.014	1	1	10602	5	1	0	349
106.015	1	2	10602	6	2	0	349
106.016	1	1	10602	7	1	0	349
106.017	1	2	10602	8	2	0	349
106.018	1	1	10602	9	1	0	349
107.011	1	2	10702	2	2	0	349
107.012	1	1	10702	3	1	0	349
107.013	1	2	10702	4	2	0	349
107.014	1	1	10702	5	1	0	349
107.015	1	2	10702	6	2	0	349
107.016	1	1	10702	7	1	0	349
107.017	1	2	10702	8	2	0	349
107.018	1	1	10702	9	1	0	349
108.011	1	2	10802	2	2	0	349
108.012	1	1	10802	3	1	0	349
108.013	1	2	10802	4	2	0	349
108.014	1	1	10802	5	1	0	349
108.015	1	2	10802	6	2	0	349
108.016	1	1	10802	7	1	0	349
108.017	1	2	10802	8	2	0	349
108.018	1	1	10802	9	1	0	349
109.011	1	2	10902	2	2	0	349
109.012	1	1	10902	3	1	0	349
109.013	1	2	10902	4	2	0	349
109.014	1	1	10902	5	1	0	349
109.015	1	2	10902	6	2	0	349
109.016	1	1	10902	7	1	0	349
109.017	1	2	10902	8	2	0	349
109.018	1	1	10902	9	1	0	349
110.011	1	2	11002	2	2	0	349
110.012	1	1	11002	3	1	0	349
110.013	1	2	11002	4	2	0	349
110.014	1	1	11002	5	1	0	349
110.015	1	2	11002	6	2	0	349
110.016	1	1	11002	7	1	0	349
110.017	1	2	11002	8	2	0	349
110.018	1	1	11002	9	1	0	349
111.011	1	2	11102	2	2	0	349
111.012	1	1	11102	3	1	0	349
111.013	1	2	11102	4	2	0	349
111.014	1	1	11102	5	1	0	349
111.015	1	2	11102	6	2	0	349
111.016	1	1	11102	7	1	0	349
111.017	1	2	11102	8	2	0	349
111.018	1	1	11102	9	1	0	349
112.011	1	2	11202	2	2	0	349
112.012	1	1	11202	3	1	0	349
112.013	1	2	11202	4	2	0	349
112.014	1	1	11202	5	1	0	349
112.015	1	2	11202	6	2	0	349
112.016	1	1	11202	7	1	0	349
112.017	1	2	11202	8	2	0	349
112.018	1	1	11202	9	1	0	349
113.011	1	2	11302	2	2	0	349
113.012	1	1	11302	3	1	0	349
113.013	1	2	11302	4	2	0	349
113.014	1	1	11302	5	1	0	349
113.015	1	2	11302	6	2	0	349
113.016	1	1	11302	7	1	0	349
113.017	1	2	11302	8	2	0	349
113.018	1	1	11302	9	1	0	349
114.011	1	2	11402	2	2	0	349
114.012	1	1	11402	3	1	0	349
114.013	1	2	11402	4	2	0	349
114.014	1	1	11402	5	1	0	349
114.015	1	2	11402	6	2	0	349
114.016	1	1	11402	7	1	0	349
114.017	1	2	11402	8	2	0	349
114.018	1	1	11402	9	1	0	349
115.011	1	2	11502	2	2	0	349
115.012	1	1	11502	3	1	0	349
115.013	1	2	11502	4	2	0	349
115.014	1	1	11502	5	1	0	349
115.015	1	2	11502	6	2	0	349
115.016	1	1	11502	7	1	0	349
115.017	1	2	11502	8	2	0	349
115.018	1	1	11502	9	1	0	349
116.011	1	2	11602	2	2	0	349
116.012	1	1	11602	3	1	0	349
116.013	1	2	11602	4	2	0	349
116.014	1	1	11602	5	1	0	349
116.015	1	2	11602	6	2	0	349
116.016	1	1	11602	7	1	0	349
116.017	1	2	11602	8	2	0	349
116.018	1	1	11602	9	1	0	349
117.011	1	2	11702	2	2	0	349
117.012	1	1	11702	3	1	0	349
117.013	1	2	11702	4	2	0	349
117.014	1	1	11702	5	1	0	349
117.015	1	2	11702	6	2	0	349
117.016	1	1	11702	7	1	0	349
117.017	1	2	11702	8	2	0	349
117.018	1	1	11702	9	1	0	349
118.011	1	2	11802	2	2	0	349
118.012	1	1	11802	3	1	0	349
118.013	1	2	11802	4	2	0	349
118.014	1	1	11802	5	1	0	349
118.015	1	2	11802	6	2	0	349
118.016	1	1	11802	7	1	0	349
118.017	1	2	11802	8	2	0	349
118.018	1	1	11802	9	1	0	349
119.011	1	2	11902	2	2	0	349
119.012	1	1	11902	3	1	0	349
119.013	1	2	11902	4	2	0	349
119.014	1	1	11902	5	1	0	349
119.015	1	2	11902	6	2	0	349
119.016	1	1	11902	7	1	0	349
119.017	1	2	11902	8	2	0	349
119.018	1	1	11902	9	1	0	349
120.011	1	2	12002	2	2	0	349
120.012	1	1	12002	3	1	0	349
120.013	1	2	12002	4	2	0	349
120.014	1	1	12002	5	1	0	349
120.015	1	2	12002	6	2	0	349
120.016	1	1	12002	7	1	0	349
120.017	1	2	12002	8	2	0	349
120.018	1	1	12002	9	1	0	349
121.011	1	2	12102	2	2	0	349
121.012	1	1	12102	3	1	0	349
121.013	1	2	12102	4	2	0	349
121.014	1	1	12102	5	1	0	349
121.015	1	2	12102	6	2	0	349
121.016	1	1	12102	7	1	0	349
121.017	1	2	12102	8	2	0	349
121.018	1	1	12102	9	1	0	349
122.011	1	2	12202	2	2	0	349
122.012	1	1	12202	3	1	0	349
122.013	1	2	12202	4	2	0	349
122.014	1	1	12202	5	1	0	349
122.015	1	2	12202	6	2	0	349
122.016	1	1	12202	7	1	0	349
122.017	1	2	12202	8	2	0	349
122.018	1	1	12202	9	1	0	349
123.011	1	2	12302	2	2	0	349
123.012	1	1	12302	3	1	0	349
123.013	1	2	12302	4	2	0	349
123.014	1	1	12302	5	1	0	349
123.015	1	2	12302	6	2	0	349
123.016	1	1	12302	7	1	0	349
123.017	1	2	12302	8	2	0	349
123.018	1	1	12302	9	1	0	349
124.011	1	2	12402	2	2	0	349
124.012	1	1	12402	3	1	0	349
124.013	1	2	12402	4	2	0	349
124.014	1	1	12402	5	1	0	349
124.015	1	2	12402	6	2	0	349
124.016	1	1	12402	7	1	0	349
124.017	1	2	12402	8	2	0	349
124.018	1	1	12402	9	1	0	349
125.011	1	2	12502	2	2	0	349
125.012	1	1	12502	3	1	0	349
125.013	1	2	12502	4	2	0	349
125.014	1	1	12502	5	1	0	349
125.015	1	2	12502	6	2	0	349
125.016	1	1	12502	7	1	0	349
125.017	1	2	12502	8	2	0	349
125.018	1	1	12502	9	1	0	349
126.011	1	2	12602	2	2	0	349
126.012	1	1	12602	3	1	0	349
126.013	1	2	12602	4	2	0	349
126.014	1	1	12602	5	1	0	349
126.015	1	2	12602	6	2	0	349
126.016	1	1	12602	7	1	0	349
126.017	1	2	12602	8	2	0	349
126.018	1	1	12602	9	1	0	349
127.011	1	2	12702	2	2	0	349
127.012	1	1	12702	3	1	0	349
127.013	1	2	12702	4	2	0	349
127.014	1	1	12702	5	1	0	349
127.015	1	2	12702	6	2	0	349
127.016	1	1	12702	7	1	0	349
127.017	1	2	12702	8	2	0	349
127.018	1	1	12702	9	1	0	349
128.023	1	2	12803	4	2	0	349
128.024	1	2	12803	5	2	0	349
128.025	1	2	12803	6	2	0	349
128.026	1	2	12803	7	2	0	349
128.027	1	2	12803	8	2	0	349
128.028	1	2	12803	9	2	0	349
129.034	1	2	12904	5	2	0	349
129.035	1	2	12904	6	2	0	349
129.036	1	2	12904	7	2	0	349
129.037	1	2	12904	8	2	0	349
129.038	1	2	12904	9	2	0	349
129.039	1	2	12904	10	2	0	349
129.04	1	2	12905	1	2	0	349
130.046	1	2	13005	7	2	0	349
130.047	1	2	13005	8	2	0	349
130.048	1	2	13005	9	2	0	349
130.049	1	2	13005	10	2	0	349
130.05	1	2	13006	1	2	0	349
130.051	1	2	13006	2	2	0	349
131.057	1	2	13106	8	2	0	349
131.058	1	2	13106	9	2	0	349
131.059	1	2	13106	10	2	0	349
131.06	1	2	13107	1	2	0	349
131.061	1	2	13107	2	2	0	349
131.062	1	2	13107	3	2	0	349
132.068	1	2	13207	9	2	0	349
132.069	1	2	13207	10	2	0	349
132.07	1	2	13208	1	2	0	349
132.071	1	2	13208	2	2	0	349
132.072	1	2	13208	3	2	0	349
132.073	1	2	13208	4	2	0	349
133.079	1	2	13308	10	2	0	349
133.08	1	2	13309	1	2	0	349
133.081	1	2	13309	2	2	0	349
133.082	1	2	13309	3	2	0	349
133.083	1	2	13309	4	2	0	349
133.084	1	2	13309	5	2	0	349
134.089	1	2	13409	10	2	0	349
134.09	1	2	13410	1	2	0	349
134.091	1	2	13410	2	2	0	349
134.092	1	2	13410	3	2	0	349
134.093	1	2	13410	4	2	0	349
134.094	1	2	13410	5	2	0	349
135.099	1	2	13510	10	2	0	349
135.1	1	2	13511	1	2	0	349
135.101	1	2	13511	2	2	0	349
135.102	1	2	13511	3	2	0	349
135.103	1	2	13511	4	2	0	349
135.104	1	2	13511	5	2	0	349
136.109	1	2	13611	10	2	0	349
136.11	1	2	13612	1	2	0	349
136.111	1	2	13612	2	2	0	349
136.112	1	2	13612	3	2	0	349
136.113	1	2	13612	4	2	0	349
136.114	1	2	13612	5	2	0	349
137.119	1	2	13712	10	2	0	349
137.12	1	2	13713	1	2	0	349
137.121	1	2	13713	2	2	0	349
137.122	1	2	13713	3	2	0	349
137.123	1	2	13713	4	2	0	349
137.124	1	2	13713	5	2	0	349
138.129	1	2	13813	10	2	0	349
138.13	1	2	13814	1	2	0	349
138.131	1	2	13814	2	2	0	349
138.132	1	2	13814	3	2	0	349
138.133	1	2	13814	4	2	0	349
138.134	1	2	13814	5	2	0	349
138.264	1	1	13827	5	1	0	349
138.265	1	1	13827	6	1	0	349
138.266	1	1	13827	7	1	0	349
138.267	1	1	13827	8	1	0	349
138.268	1	1	13827	9	1	0	349
138.269	1	1	13827	10	1	0	349
138.27	1	1	13828	1	1	0	349
139.139	1	2	13914	10	2	0	349
139.14	1	2	13915	1	2	0	349
139.141	1	2	13915	2	2	0	349
139.142	1	2	13915	3	2	0	349
139.143	1	2	13915	4	2	0	349
139.144	1	2	13915	5	2	0	349
139.145	1	2	13915	6	2	0	349
139.146	1	2	13915	7	2	0	349
139.147	1	2	13915	8	2	0	349
139.148	1	2	13915	9	2	0	349
139.149	1	2	13915	10	2	0	349
139.15	1	2	13916	1	2	0	349
139.151	1	2	13916	2	2	0	349
139.152	1	2	13916	3	2	0	349
139.153	1	2	13916	4	2	0	349
139.154	1	2	13916	5	2	0	349
139.155	1	2	13916	6	2	0	349
139.156	1	2	13916	7	2	0	349
139.157	1	2	13916	8	2	0	349
139.158	1	2	13916	9	2	0	349
139.159	1	2	13916	10	2	0	349
139.16	1	2	13917	1	2	0	349
139.161	1	2	13917	2	2	0	349
139.162	1	2	13917	3	2	0	349
139.163	1	2	13917	4	2	0	349
139.164	1	2	13917	5	2	0	349
139.165	1	2	13917	6	2	0	349
139.166	1	2	13917	7	2	0	349
139.167	1	2	13917	8	2	0	349
139.168	1	2	13917	9	2	0	349
139.169	1	2	13917	10	2	0	349
139.17	1	2	13918	1	2	0	349
139.171	1	2	13918	2	2	0	349
139.172	1	2	13918	3	2	0	349
139.173	1	2	13918	4	2	0	349
139.174	1	2	13918	5	2	0	349
139.175	1	2	13918	6	2	0	349
139.176	1	2	13918	7	2	0	349
139.177	1	2	13918	8	2	0	349
139.178	1	2	13918	9	2	0	349
139.179	1	2	13918	10	2	0	349
139.18	1	2	13919	1	2	0	349
139.181	1	2	13919	2	2	0	349
139.182	1	2	13919	3	2	0	349
139.183	1	2	13919	4	2	0	349
139.184	1	2	13919	5	2	0	349
139.185	1	2	13919	6	2	0	349
139.186	1	2	13919	7	2	0	349
139.187	1	2	13919	8	2	0	349
139.188	1	2	13919	9	2	0	349
139.189	1	2	13919	10	2	0	349
139.19	1	2	13920	1	2	0	349
139.191	1	2	13920	2	2	0	349
139.192	1	2	13920	3	2	0	349
139.193	1	2	13920	4	2	0	349
139.194	1	2	13920	5	2	0	349
139.195	1	2	13920	6	2	0	349
139.196	1	2	13920	7	2	0	349
139.197	1	2	13920	8	2	0	349
139.198	1	2	13920	9	2	0	349
139.199	1	2	13920	10	2	0	349
139.2	1	2	13921	1	2	0	349
139.201	1	2	13921	2	2	0	349
139.202	1	2	13921	3	2	0	349
139.203	1	2	13921	4	2	0	349
139.204	1	2	13921	5	2	0	349
139.205	1	2	13921	6	2	0	349
139.206	1	2	13921	7	2	0	349
139.207	1	2	13921	8	2	0	349
139.208	1	2	13921	9	2	0	349
139.209	1	2	13921	10	2	0	349
139.21	1	2	13922	1	2	0	349
139.211	1	2	13922	2	2	0	349
139.212	1	2	13922	3	2	0	349
139.213	1	2	13922	4	2	0	349
139.214	1	2	13922	5	2	0	349
139.215	1	2	13922	6	2	0	349
139.216	1	2	13922	7	2	0	349
139.217	1	2	13922	8	2	0	349
139.218	1	2	13922	9	2	0	349
139.219	1	2	13922	10	2	0	349
139.22	1	2	13923	1	2	0	349
139.221	1	2	13923	2	2	0	349
139.222	1	2	13923	3	2	0	349
139.223	1	2	13923	4	2	0	349
139.224	1	2	13923	5	2	0	349
139.225	1	2	13923	6	2	0	349
139.226	1	2	13923	7	2	0	349
139.227	1	2	13923	8	2	0	349
139.228	1	2	13923	9	2	0	349
139.229	1	2	13923	10	2	0	349
139.23	1	2	13924	1	2	0	349
139.231	1	2	13924	2	2	0	349
139.232	1	2	13924	3	2	0	349
139.233	1	2	13924	4	2	0	349
139.234	1	2	13924	5	2	0	349
139.235	1	2	13924	6	2	0	349
139.236	1	2	13924	7	2	0	349
139.237	1	2	13924	8	2	0	349
139.238	1	2	13924	9	2	0	349
139.239	1	2	13924	10	2	0	349
139.24	1	2	13925	1	2	0	349
139.241	1	2	13925	2	2	0	349
139.242	1	2	13925	3	2	0	349
139.243	1	2	13925	4	2	0	349
139.244	1	2	13925	5	2	0	349
139.245	1	2	13925	6	2	0	349
139.246	1	2	13925	7	2	0	349
139.247	1	2	13925	8	2	0	349
139.248	1	2	13925	9	2	0	349
139.249	1	2	13925	10	2	0	349
139.25	1	2	13926	1	2	0	349
139.251	1	2	13926	2	2	0	349
139.252	1	2	13926	3	2	0	349
139.253	1	2	13926	4	2	0	349
139.254	1	2	13926	5	2	0	349
139.255	1	2	13926	6	2	0	349
139.256	1	2	13926	7	2	0	349
139.257	1	2	13926	8	2	0	349
139.258	1	2	13926	9	2	0	349
139.259	1	2	13926	10	2	0	349
139.26	1	2	13927	1	2	0	349
139.261	1	2	13927	2	2	0	349
139.262	1	2	13927	3	2	0	349
139.263	1	2	13927	4	2	0	349
139.264	1	2	13927	5	2	0	349
139.265	1	2	13927	6	2	0	349
139.266	1	2	13927	7	2	0	349
139.267	1	2	13927	8	2	0	349
139.268	1	2	13927	9	2	0	349
139.269	1	2	13927	10	2	0	349
139.27	1	2	13928	1	2	0	349
139.271	1	2	13928	2	2	0	349
139.272	1	2	13928	3	2	0	349
139.273	1	2	13928	4	2	0	349
139.274	1	2	13928	5	2	0	349
139.275	1	2	13928	6	2	0	349
139.276	1	1	13928	7	1	0	349
139.277	1	2	13928	8	2	0	349
139.278	1	1	13928	9	1	0	349
139.279	1	2	13928	10	2	0	349
139.28	1	1	13929	1	1	0	349
139.281	1	2	13929	2	2	0	349
139.282	1	1	13929	3	1	0	349
139.283	1	1	13929	4	1	0	349
140.287	1	2	14029	8	2	0	349
140.288	1	2	14029	9	2	0	349
140.289	1	1	14029	10	1	0	349
140.29	1	2	14030	1	2	0	349
140.291	1	1	14030	2	1	0	349
140.292	1	2	14030	3	2	0	349
140.293	1	1	14030	4	1	0	349
140.294	1	1	14030	5	1	0	349
141.298	1	2	14130	9	2	0	349
141.299	1	1	14130	10	1	0	349
141.3	1	2	14131	1	2	0	349
141.301	1	1	14131	2	1	0	349
141.302	1	2	14131	3	2	0	349
141.303	1	1	14131	4	1	0	349
141.304	1	1	14131	5	1	0	349
142.308	1	2	14231	9	2	0	349
142.309	1	1	14231	10	1	0	349
142.31	1	2	14232	1	2	0	349
142.311	1	1	14232	2	1	0	349
142.312	1	2	14232	3	2	0	349
142.313	1	1	14232	4	1	0	349
142.314	1	1	14232	5	1	0	349
143.318	1	2	14332	9	2	0	349
143.319	1	1	14332	10	1	0	349
143.32	1	2	14333	1	2	0	349
143.321	1	1	14333	2	1	0	349
143.322	1	2	14333	3	2	0	349
143.323	1	1	14333	4	1	0	349
143.324	1	1	14333	5	1	0	349
144.328	1	2	14433	9	2	0	349
144.329	1	1	14433	10	1	0	349
144.33	1	2	14434	1	2	0	349
144.331	1	1	14434	2	1	0	349
144.332	1	2	14434	3	2	0	349
144.333	1	1	14434	4	1	0	349
144.334	1	1	14434	5	1	0	349
145.338	1	2	14534	9	2	0	349
145.339	1	1	14534	10	1	0	349
145.34	1	2	14535	1	2	0	349
145.341	1	1	14535	2	1	0	349
145.342	1	2	14535	3	2	0	349
145.343	1	1	14535	4	1	0	349
145.344	1	1	14535	5	1	0	349
146.348	1	2	14635	9	2	0	349
146.349	1	1	14635	10	1	0	349
146.35	1	2	14636	1	2	0	349
146.351	1	1	14636	2	1	0	349
146.352	1	2	14636	3	2	0	349
146.353	1	1	14636	4	1	0	349
146.354	1	1	14636	5	1	0	349
147.358	1	2	14736	9	2	0	349
147.359	1	1	14736	10	1	0	349
147.36	1	2	14737	1	2	0	349
147.361	1	1	14737	2	1	0	349
147.362	1	2	14737	3	2	0	349
147.363	1	1	14737	4	1	0	349
147.364	1	1	14737	5	1	0	349
148.368	1	2	14837	9	2	0	349
148.369	1	1	14837	10	1	0	349
148.37	1	2	14838	1	2	0	349
148.371	1	1	14838	2	1	0	349
148.372	1	2	14838	3	2	0	349
148.373	1	1	14838	4	1	0	349
148.374	1	1	14838	5	1	0	349
149.378	1	2	14938	9	2	0	349
149.379	1	1	14938	10	1	0	349
149.38	1	2	14939	1	2	0	349
149.381	1	1	14939	2	1	0	349
149.382	1	2	14939	3	2	0	349
149.383	1	1	14939	4	1	0	349
149.384	1	2	14939	5	2	0	349
149.385	1	1	14939	6	1	0	349
149.386	1	1	14939	7	1	0	349
149.387	1	1	14939	8	1	0	349
149.388	1	1	14939	9	1	0	349
149.389	1	1	14939	10	1	0	349
149.39	1	1	14940	1	1	0	349
149.391	1	1	14940	2	1	0	349
149.392	1	1	14940	3	1	0	349
149.393	1	1	14940	4	1	0	349
149.394	1	1	14940	5	1	0	349
149.395	1	1	14940	6	1	0	349
149.396	1	1	14940	7	1	0	349
149.397	1	1	14940	8	1	0	349
149.398	1	1	14940	9	1	0	349
149.399	1	1	14940	10	1	0	349
149.4	1	1	14941	1	1	0	349
149.401	1	1	14941	2	1	0	349
149.402	1	1	14941	3	1	0	349
149.403	1	1	14941	4	1	0	349
150.011	1	1	15002	2	1	0	349
150.012	1	1	15002	3	1	0	349
150.013	1	1	15002	4	1	0	349
150.014	1	1	15002	5	1	0	349
151.011	1	2	15102	2	2	0	349
151.012	1	2	15102	3	2	0	349
151.013	1	2	15102	4	2	0	349
151.014	1	2	15102	5	2	0	349
151.015	1	2	15102	6	2	0	349
151.016	1	2	15102	7	2	0	349
151.017	1	2	15102	8	2	0	349
151.018	1	2	15102	9	2	0	349
151.019	1	1	15102	10	1	0	349
151.02	1	2	15103	1	2	0	349
151.021	1	1	15103	2	1	0	349
151.022	1	2	15103	3	2	0	349
151.023	1	1	15103	4	1	0	349
151.024	1	2	15103	5	2	0	349
151.025	1	1	15103	6	1	0	349
152.028	1	2	15203	9	2	0	349
152.029	1	2	15203	10	2	0	349
152.03	1	2	15204	1	2	0	349
152.031	1	1	15204	2	1	0	349
152.032	1	2	15204	3	2	0	349
152.033	1	1	15204	4	1	0	349
152.034	1	2	15204	5	2	0	349
152.035	1	1	15204	6	1	0	349
152.036	1	2	15204	7	2	0	349
152.037	1	1	15204	8	1	0	349
153.042	1	2	15305	3	2	0	349
153.043	1	1	15305	4	1	0	349
153.044	1	2	15305	5	2	0	349
153.045	1	1	15305	6	1	0	349
153.046	1	2	15305	7	2	0	349
153.047	1	1	15305	8	1	0	349
153.048	1	2	15305	9	2	0	349
153.049	1	1	15305	10	1	0	349
154.054	1	2	15406	5	2	0	349
154.055	1	1	15406	6	1	0	349
154.056	1	2	15406	7	2	0	349
154.057	1	1	15406	8	1	0	349
154.058	1	2	15406	9	2	0	349
154.059	1	1	15406	10	1	0	349
154.06	1	2	15407	1	2	0	349
154.061	1	1	15407	2	1	0	349
155.066	1	2	15507	7	2	0	349
155.067	1	1	15507	8	1	0	349
155.068	1	2	15507	9	2	0	349
155.069	1	1	15507	10	1	0	349
155.07	1	2	15508	1	2	0	349
155.071	1	1	15508	2	1	0	349
155.072	1	2	15508	3	2	0	349
155.073	1	1	15508	4	1	0	349
156.078	1	2	15608	9	2	0	349
156.079	1	1	15608	10	1	0	349
156.08	1	2	15609	1	2	0	349
156.081	1	1	15609	2	1	0	349
156.082	1	2	15609	3	2	0	349
156.083	1	1	15609	4	1	0	349
156.084	1	2	15609	5	2	0	349
156.085	1	1	15609	6	1	0	349
157.088	1	2	15709	9	2	0	349
157.089	1	2	15709	10	2	0	349
157.09	1	2	15710	1	2	0	349
157.091	1	1	15710	2	1	0	349
157.092	1	2	15710	3	2	0	349
157.093	1	1	15710	4	1	0	349
157.094	1	2	15710	5	2	0	349
157.095	1	1	15710	6	1	0	349
157.096	1	2	15710	7	2	0	349
157.097	1	1	15710	8	1	0	349
158.102	1	2	15811	3	2	0	349
158.103	1	1	15811	4	1	0	349
158.104	1	2	15811	5	2	0	349
158.105	1	1	15811	6	1	0	349
158.106	1	2	15811	7	2	0	349
158.107	1	1	15811	8	1	0	349
158.108	1	2	15811	9	2	0	349
158.109	1	1	15811	10	1	0	349
159.114	1	2	15912	5	2	0	349
159.115	1	1	15912	6	1	0	349
159.116	1	2	15912	7	2	0	349
159.117	1	1	15912	8	1	0	349
159.118	1	2	15912	9	2	0	349
159.119	1	1	15912	10	1	0	349
159.12	1	2	15913	1	2	0	349
159.121	1	1	15913	2	1	0	349
160.126	1	2	16013	7	2	0	349
160.127	1	1	16013	8	1	0	349
160.128	1	2	16013	9	2	0	349
160.129	1	1	16013	10	1	0	349
160.13	1	2	16014	1	2	0	349
160.131	1	1	16014	2	1	0	349
160.132	1	2	16014	3	2	0	349
160.133	1	1	16014	4	1	0	349
161.138	1	2	16114	9	2	0	349
161.139	1	1	16114	10	1	0	349
161.14	1	2	16115	1	2	0	349
161.141	1	1	16115	2	1	0	349
161.142	1	2	16115	3	2	0	349
161.143	1	1	16115	4	1	0	349
161.144	1	2	16115	5	2	0	349
161.145	1	1	16115	6	1	0	349
162.148	1	2	16215	9	2	0	349
162.149	1	2	16215	10	2	0	349
162.15	1	2	16216	1	2	0	349
162.151	1	1	16216	2	1	0	349
162.152	1	2	16216	3	2	0	349
162.153	1	1	16216	4	1	0	349
162.154	1	2	16216	5	2	0	349
162.155	1	1	16216	6	1	0	349
162.156	1	2	16216	7	2	0	349
162.157	1	1	16216	8	1	0	349
163.162	1	2	16317	3	2	0	349
163.163	1	1	16317	4	1	0	349
163.164	1	2	16317	5	2	0	349
163.165	1	1	16317	6	1	0	349
163.166	1	2	16317	7	2	0	349
163.167	1	1	16317	8	1	0	349
163.168	1	2	16317	9	2	0	349
163.169	1	1	16317	10	1	0	349
164.174	1	2	16418	5	2	0	349
164.175	1	1	16418	6	1	0	349
164.176	1	2	16418	7	2	0	349
164.177	1	1	16418	8	1	0	349
164.178	1	2	16418	9	2	0	349
164.179	1	1	16418	10	1	0	349
164.18	1	2	16419	1	2	0	349
164.181	1	1	16419	2	1	0	349
165.186	1	2	16519	7	2	0	349
165.187	1	1	16519	8	1	0	349
165.188	1	2	16519	9	2	0	349
165.189	1	1	16519	10	1	0	349
165.19	1	2	16520	1	2	0	349
165.191	1	1	16520	2	1	0	349
165.192	1	2	16520	3	2	0	349
165.193	1	1	16520	4	1	0	349
166.198	1	2	16620	9	2	0	349
166.199	1	1	16620	10	1	0	349
166.2	1	2	16621	1	2	0	349
166.201	1	1	16621	2	1	0	349
166.202	1	2	16621	3	2	0	349
166.203	1	1	16621	4	1	0	349
166.204	1	2	16621	5	2	0	349
166.205	1	1	16621	6	1	0	349
167.208	1	2	16721	9	2	0	349
167.209	1	2	16721	10	2	0	349
167.21	1	2	16722	1	2	0	349
167.211	1	1	16722	2	1	0	349
167.212	1	2	16722	3	2	0	349
167.213	1	1	16722	4	1	0	349
167.214	1	2	16722	5	2	0	349
167.215	1	1	16722	6	1	0	349
167.216	1	2	16722	7	2	0	349
167.217	1	1	16722	8	1	0	349
168.222	1	2	16823	3	2	0	349
168.223	1	1	16823	4	1	0	349
168.224	1	2	16823	5	2	0	349
168.225	1	1	16823	6	1	0	349
168.226	1	2	16823	7	2	0	349
168.227	1	1	16823	8	1	0	349
168.228	1	2	16823	9	2	0	349
168.229	1	1	16823	10	1	0	349
169.234	1	2	16924	5	2	0	349
169.235	1	1	16924	6	1	0	349
169.236	1	2	16924	7	2	0	349
169.237	1	1	16924	8	1	0	349
169.238	1	2	16924	9	2	0	349
169.239	1	1	16924	10	1	0	349
169.24	1	2	16925	1	2	0	349
169.241	1	1	16925	2	1	0	349
170.246	1	2	17025	7	2	0	349
170.247	1	1	17025	8	1	0	349
170.248	1	2	17025	9	2	0	349
170.249	1	1	17025	10	1	0	349
170.25	1	2	17026	1	2	0	349
170.251	1	1	17026	2	1	0	349
170.252	1	2	17026	3	2	0	349
170.253	1	1	17026	4	1	0	349
171.255	1	1	17126	6	1	0	349
171.256	1	2	17126	7	2	0	349
171.257	1	1	17126	8	1	0	349
171.258	1	2	17126	9	2	0	349
171.259	1	1	17126	10	1	0	349
171.26	1	2	17127	1	2	0	349
171.261	1	1	17127	2	1	0	349
172.011	1	2	17202	2	2	0	349
172.012	1	1	17202	3	1	0	349
172.013	1	2	17202	4	2	0	349
172.014	1	1	17202	5	1	0	349
172.015	1	2	17202	6	2	0	349
172.016	1	1	17202	7	1	0	349
172.017	1	2	17202	8	2	0	349
172.018	1	1	17202	9	1	0	349
173.023	1	2	17303	4	2	0	349
173.024	1	1	17303	5	1	0	349
173.025	1	2	17303	6	2	0	349
173.026	1	1	17303	7	1	0	349
173.027	1	2	17303	8	2	0	349
173.028	1	1	17303	9	1	0	349
173.029	1	2	17303	10	2	0	349
173.03	1	1	17304	1	1	0	349
174.035	1	2	17404	6	2	0	349
174.036	1	2	17404	7	2	0	349
174.037	1	1	17404	8	1	0	349
174.038	1	2	17404	9	2	0	349
174.039	1	1	17404	10	1	0	349
174.04	1	2	17405	1	2	0	349
174.041	1	1	17405	2	1	0	349
174.042	1	2	17405	3	2	0	349
174.043	1	1	17405	4	1	0	349
175.048	1	2	17505	9	2	0	349
175.049	1	1	17505	10	1	0	349
175.05	1	2	17506	1	2	0	349
175.051	1	1	17506	2	1	0	349
175.052	1	2	17506	3	2	0	349
175.053	1	1	17506	4	1	0	349
175.054	1	2	17506	5	2	0	349
175.055	1	1	17506	6	1	0	349
176.058	1	2	17606	9	2	0	349
176.059	1	2	17606	10	2	0	349
176.06	1	2	17607	1	2	0	349
176.061	1	1	17607	2	1	0	349
176.062	1	2	17607	3	2	0	349
176.063	1	1	17607	4	1	0	349
176.064	1	2	17607	5	2	0	349
176.065	1	1	17607	6	1	0	349
176.066	1	2	17607	7	2	0	349
176.067	1	1	17607	8	1	0	349
177.072	1	2	17708	3	2	0	349
177.073	1	1	17708	4	1	0	349
177.074	1	2	17708	5	2	0	349
177.075	1	1	17708	6	1	0	349
177.076	1	2	17708	7	2	0	349
177.077	1	1	17708	8	1	0	349
177.078	1	2	17708	9	2	0	349
177.079	1	1	17708	10	1	0	349
178.084	1	2	17809	5	2	0	349
178.085	1	1	17809	6	1	0	349
178.086	1	2	17809	7	2	0	349
178.087	1	1	17809	8	1	0	349
178.088	1	2	17809	9	2	0	349
178.089	1	1	17809	10	1	0	349
178.09	1	2	17810	1	2	0	349
178.091	1	1	17810	2	1	0	349
179.096	1	2	17910	7	2	0	349
179.097	1	1	17910	8	1	0	349
179.098	1	2	17910	9	2	0	349
179.099	1	1	17910	10	1	0	349
179.1	1	2	17911	1	2	0	349
179.101	1	1	17911	2	1	0	349
179.102	1	2	17911	3	2	0	349
179.103	1	1	17911	4	1	0	349
180.108	1	2	18011	9	2	0	349
180.109	1	1	18011	10	1	0	349
180.11	1	2	18012	1	2	0	349
180.111	1	1	18012	2	1	0	349
180.112	1	2	18012	3	2	0	349
180.113	1	1	18012	4	1	0	349
180.114	1	2	18012	5	2	0	349
180.115	1	1	18012	6	1	0	349
181.118	1	2	18112	9	2	0	349
181.119	1	2	18112	10	2	0	349
181.12	1	2	18113	1	2	0	349
181.121	1	1	18113	2	1	0	349
181.122	1	2	18113	3	2	0	349
181.123	1	1	18113	4	1	0	349
181.124	1	2	18113	5	2	0	349
181.125	1	1	18113	6	1	0	349
181.126	1	2	18113	7	2	0	349
181.127	1	1	18113	8	1	0	349
182.132	1	2	18214	3	2	0	349
182.133	1	1	18214	4	1	0	349
182.134	1	2	18214	5	2	0	349
182.135	1	1	18214	6	1	0	349
182.136	1	2	18214	7	2	0	349
182.137	1	1	18214	8	1	0	349
182.138	1	2	18214	9	2	0	349
182.139	1	1	18214	10	1	0	349
183.144	1	2	18315	5	2	0	349
183.145	1	1	18315	6	1	0	349
183.146	1	2	18315	7	2	0	349
183.147	1	1	18315	8	1	0	349
183.148	1	2	18315	9	2	0	349
183.149	1	1	18315	10	1	0	349
183.15	1	2	18316	1	2	0	349
183.151	1	1	18316	2	1	0	349
184.156	1	2	18416	7	2	0	349
184.157	1	1	18416	8	1	0	349
184.158	1	2	18416	9	2	0	349
184.159	1	1	18416	10	1	0	349
184.16	1	2	18417	1	2	0	349
184.161	1	1	18417	2	1	0	349
184.162	1	2	18417	3	2	0	349
184.163	1	1	18417	4	1	0	349
185.168	1	2	18517	9	2	0	349
185.169	1	1	18517	10	1	0	349
185.17	1	2	18518	1	2	0	349
185.171	1	1	18518	2	1	0	349
185.172	1	2	18518	3	2	0	349
185.173	1	1	18518	4	1	0	349
185.174	1	2	18518	5	2	0	349
185.175	1	1	18518	6	1	0	349
186.178	1	2	18618	9	2	0	349
186.179	1	2	18618	10	2	0	349
186.18	1	2	18619	1	2	0	349
186.181	1	1	18619	2	1	0	349
186.182	1	2	18619	3	2	0	349
186.183	1	1	18619	4	1	0	349
186.184	1	2	18619	5	2	0	349
186.185	1	1	18619	6	1	0	349
186.186	1	2	18619	7	2	0	349
186.187	1	1	18619	8	1	0	349
187.192	1	2	18720	3	2	0	349
187.193	1	1	18720	4	1	0	349
187.194	1	2	18720	5	2	0	349
187.195	1	1	18720	6	1	0	349
187.196	1	2	18720	7	2	0	349
187.197	1	1	18720	8	1	0	349
187.198	1	2	18720	9	2	0	349
187.199	1	1	18720	10	1	0	349
188.204	1	2	18821	5	2	0	349
188.205	1	1	18821	6	1	0	349
188.206	1	2	18821	7	2	0	349
188.207	1	1	18821	8	1	0	349
188.208	1	2	18821	9	2	0	349
188.209	1	1	18821	10	1	0	349
188.21	1	2	18822	1	2	0	349
188.211	1	1	18822	2	1	0	349
189.216	1	2	18922	7	2	0	349
189.217	1	1	18922	8	1	0	349
189.218	1	2	18922	9	2	0	349
189.219	1	1	18922	10	1	0	349
189.22	1	2	18923	1	2	0	349
189.221	1	1	18923	2	1	0	349
189.222	1	2	18923	3	2	0	349
189.223	1	1	18923	4	1	0	349
190.228	1	2	19023	9	2	0	349
190.229	1	1	19023	10	1	0	349
190.23	1	2	19024	1	2	0	349
190.231	1	1	19024	2	1	0	349
190.232	1	2	19024	3	2	0	349
190.233	1	1	19024	4	1	0	349
190.234	1	2	19024	5	2	0	349
190.235	1	1	19024	6	1	0	349
191.238	1	2	19124	9	2	0	349
191.239	1	2	19124	10	2	0	349
191.24	1	2	19125	1	2	0	349
191.241	1	1	19125	2	1	0	349
191.242	1	2	19125	3	2	0	349
191.243	1	1	19125	4	1	0	349
191.244	1	2	19125	5	2	0	349
191.245	1	1	19125	6	1	0	349
191.246	1	2	19125	7	2	0	349
191.247	1	1	19125	8	1	0	349
192.252	1	2	19226	3	2	0	349
192.253	1	1	19226	4	1	0	349
192.254	1	2	19226	5	2	0	349
192.255	1	1	19226	6	1	0	349
192.256	1	2	19226	7	2	0	349
192.257	1	1	19226	8	1	0	349
192.258	1	2	19226	9	2	0	349
192.259	1	1	19226	10	1	0	349
193.011	1	2	19302	2	2	0	349
193.012	1	1	19302	3	1	0	349
193.013	1	2	19302	4	2	0	349
193.014	1	1	19302	5	1	0	349
193.015	1	2	19302	6	2	0	349
193.016	1	1	19302	7	1	0	349
193.017	1	2	19302	8	2	0	349
193.018	1	1	19302	9	1	0	349
194.023	1	2	19403	4	2	0	349
194.024	1	1	19403	5	1	0	349
194.025	1	2	19403	6	2	0	349
194.026	1	1	19403	7	1	0	349
194.027	1	2	19403	8	2	0	349
194.028	1	1	19403	9	1	0	349
194.029	1	2	19403	10	2	0	349
194.03	1	1	19404	1	1	0	349
195.035	1	2	19504	6	2	0	349
195.036	1	1	19504	7	1	0	349
195.037	1	2	19504	8	2	0	349
195.038	1	1	19504	9	1	0	349
195.039	1	2	19504	10	2	0	349
195.04	1	1	19505	1	1	0	349
195.041	1	2	19505	2	2	0	349
195.042	1	1	19505	3	1	0	349
196.047	1	2	19605	8	2	0	349
196.048	1	1	19605	9	1	0	349
196.049	1	2	19605	10	2	0	349
196.05	1	1	19606	1	1	0	349
196.051	1	2	19606	2	2	0	349
196.052	1	1	19606	3	1	0	349
196.053	1	2	19606	4	2	0	349
196.054	1	1	19606	5	1	0	349
197.056	1	1	19706	7	1	0	349
197.057	1	1	19706	8	1	0	349
197.058	1	1	19706	9	1	0	349
197.059	1	2	19706	10	2	0	349
197.06	1	1	19707	1	1	0	349
198.065	1	2	19807	6	2	0	349
198.066	1	1	19807	7	1	0	349
198.067	1	2	19807	8	2	0	349
198.068	1	1	19807	9	1	0	349
198.069	1	2	19807	10	2	0	349
198.07	1	1	19808	1	1	0	349
198.071	1	2	19808	2	2	0	349
198.072	1	1	19808	3	1	0	349
199.077	1	2	19908	8	2	0	349
199.078	1	1	19908	9	1	0	349
199.079	1	2	19908	10	2	0	349
199.08	1	1	19909	1	1	0	349
199.081	1	2	19909	2	2	0	349
199.082	1	1	19909	3	1	0	349
199.083	1	2	19909	4	2	0	349
199.084	1	1	19909	5	1	0	349
