% start	end	CellId	IMSI	RNTI	LCID	nTxPDUs	TxBytes	nRxPDUs	RxBytes	delay	stdDev	min	max	PduSize	stdDev	min	max
2	2.25	1	1	1	1	4	1062	4	1062	0.005	0	0.005	0.005	265.5	167	15	349	
3	3.25	1	1	1	1	1	1056	1	1056	0.005	0	0.005	0.005	1056	0	1056	1056	
4	4.25	1	1	1	1	4	1062	4	1062	0.005	0	0.005	0.005	265.5	167	15	349	
5	5.25	1	1	1	1	1	1056	1	1056	0.005	0	0.005	0.005	1056	0	1056	1056	
6	6.25	1	1	1	1	1	1056	1	1056	0.005	0	0.005	0.005	1056	0	1056	1056	
7	7.25	1	1	1	1	4	1062	4	1062	0.005	0	0.005	0.005	265.5	167	15	349	
8	8.25	1	1	1	1	1	1056	1	1056	0.005	0	0.005	0.005	1056	0	1056	1056	
9	9.25	1	1	1	1	1	1056	1	1056	0.005	0	0.005	0.005	1056	0	1056	1056	
10	10.25	1	1	1	1	4	1062	4	1062	0.005	0	0.005	0.005	265.5	167	15	349	
11	11.25	1	1	1	1	1	1056	1	1056	0.005	0	0.005	0.005	1056	0	1056	1056	
12	12.25	1	1	1	1	1	1056	1	1056	0.005	0	0.005	0.005	1056	0	1056	1056	
13	13.25	1	1	1	1	1	1056	1	1056	0.005	0	0.005	0.005	1056	0	1056	1056	
14	14.25	1	1	1	1	1	1056	0	0	0	0	0	0	0	0	0	0	
15	15.25	1	1	1	1	1	1056	1	1056	0.005	0	0.005	0.005	1056	0	1056	1056	
16	16.25	1	1	1	1	1	1056	1	1056	0.005	0	0.005	0.005	1056	0	1056	1056	
17	17.25	1	1	1	1	1	1056	1	1056	0.005	0	0.005	0.005	1056	0	1056	1056	
18	18.25	1	1	1	1	1	1056	1	1056	0.005	0	0.005	0.005	1056	0	1056	1056	
19	19.25	1	1	1	1	4	1062	4	1062	0.005	0	0.005	0.005	265.5	167	15	349	
20	20.25	1	1	1	1	1	1056	1	1056	0.005	0	0.005	0.005	1056	0	1056	1056	
21	21.25	1	1	1	1	1	1056	1	1056	0.005	0	0.005	0.005	1056	0	1056	1056	
22	22.25	1	1	1	1	4	1062	4	1062	0.005	0	0.005	0.005	265.5	167	15	349	
23	23.25	1	1	1	1	1	1056	1	1056	0.005	0	0.005	0.005	1056	0	1056	1056	
24	24.25	1	1	1	1	1	1056	1	1056	0.005	0	0.005	0.005	1056	0	1056	1056	
25	25.25	1	1	1	1	1	1056	1	1056	0.005	0	0.005	0.005	1056	0	1056	1056	
26	26.25	1	1	1	1	1	1056	1	1056	0.005	0	0.005	0.005	1056	0	1056	1056	
27	27.25	1	1	1	1	1	1056	1	1056	0.005	0	0.005	0.005	1056	0	1056	1056	
28	28.25	1	1	1	1	1	1056	1	1056	0.005	0	0.005	0.005	1056	0	1056	1056	
29	29.25	1	1	1	1	1	1056	1	1056	0.005	0	0.005	0.005	1056	0	1056	1056	
30	30.25	1	1	1	1	1	1056	1	1056	0.005	0	0.005	0.005	1056	0	1056	1056	
31	31.25	1	1	1	1	1	1056	1	1056	0.005	0	0.005	0.005	1056	0	1056	1056	
32	32.25	1	1	1	1	1	1056	1	1056	0.005	0	0.005	0.005	1056	0	1056	1056	
33	33.25	1	1	1	1	1	1056	1	1056	0.005	0	0.005	0.005	1056	0	1056	1056	
34	34.25	1	1	1	1	1	1056	1	1056	0.005	0	0.005	0.005	1056	0	1056	1056	
35	35.25	1	1	1	1	1	1056	1	1056	0.005	0	0.005	0.005	1056	0	1056	1056	
36	36.25	1	1	1	1	1	1056	1	1056	0.005	0	0.005	0.005	1056	0	1056	1056	
37	37.25	1	1	1	1	1	1056	1	1056	0.005	0	0.005	0.005	1056	0	1056	1056	
38	38.25	1	1	1	1	1	1056	1	1056	0.005	0	0.005	0.005	1056	0	1056	1056	
39	39.25	1	1	1	1	1	1056	1	1056	0.005	0	0.005	0.005	1056	0	1056	1056	
40	40.25	1	1	1	1	1	1056	1	1056	0.005	0	0.005	0.005	1056	0	1056	1056	
41	41.25	1	1	1	1	1	1056	1	1056	0.005	0	0.005	0.005	1056	0	1056	1056	
42	42.25	1	1	1	1	1	1056	1	1056	0.005	0	0.005	0.005	1056	0	1056	1056	
43	43.25	1	1	1	1	1	1056	1	1056	0.005	0	0.005	0.005	1056	0	1056	1056	
44	44.25	1	1	1	1	1	1056	1	1056	0.005	0	0.005	0.005	1056	0	1056	1056	
45	45.25	1	1	1	1	1	1056	1	1056	0.005	0	0.005	0.005	1056	0	1056	1056	
46	46.25	1	1	1	1	1	1056	1	1056	0.005	0	0.005	0.005	1056	0	1056	1056	
47	47.25	1	1	1	1	1	1056	1	1056	0.005	0	0.005	0.005	1056	0	1056	1056	
48	48.25	1	1	1	1	1	1056	1	1056	0.005	0	0.005	0.005	1056	0	1056	1056	
49	49.25	1	1	1	1	1	1056	1	1056	0.005	0	0.005	0.005	1056	0	1056	1056	
50	50.25	1	1	1	1	1	1056	1	1056	0.005	0	0.005	0.005	1056	0	1056	1056	
51	51.25	1	1	1	1	1	1056	1	1056	0.005	0	0.005	0.005	1056	0	1056	1056	
52	52.25	1	1	1	1	1	1056	1	1056	0.005	0	0.005	0.005	1056	0	1056	1056	
53	53.25	1	1	1	1	1	1056	1	1056	0.005	0	0.005	0.005	1056	0	1056	1056	
54	54.25	1	1	1	1	1	1056	1	1056	0.005	0	0.005	0.005	1056	0	1056	1056	
55	55.25	1	1	1	1	1	1056	1	1056	0.005	0	0.005	0.005	1056	0	1056	1056	
56	56.25	1	1	1	1	1	1056	1	1056	0.005	0	0.005	0.005	1056	0	1056	1056	
57	57.25	1	1	1	1	1	1056	1	1056	0.005	0	0.005	0.005	1056	0	1056	1056	
58	58.25	1	1	1	1	1	1056	1	1056	0.005	0	0.005	0.005	1056	0	1056	1056	
59	59.25	1	1	1	1	2	1058	2	1058	0.005	0	0.005	0.005	529	528.916	155	903	
60	60.25	1	1	1	1	2	1058	2	1058	0.005	0	0.005	0.005	529	528.916	155	903	
61	61.25	1	1	1	1	2	1058	2	1058	0.005	0	0.005	0.005	529	528.916	155	903	
62	62.25	1	1	1	1	2	1058	2	1058	0.005	0	0.005	0.005	529	528.916	155	903	
63	63.25	1	1	1	1	2	1058	2	1058	0.005	0	0.005	0.005	529	528.916	155	903	
64	64.25	1	1	1	1	2	1058	2	1058	0.005	0	0.005	0.005	529	528.916	155	903	
65	65.25	1	1	1	1	2	1058	2	1058	0.005	0	0.005	0.005	529	528.916	155	903	
66	66.25	1	1	1	1	2	1058	2	1058	0.005	0	0.005	0.005	529	528.916	155	903	
67	67.25	1	1	1	1	2	1058	2	1058	0.005	0	0.005	0.005	529	528.916	155	903	
68	68.25	1	1	1	1	2	1058	2	1058	0.005	0	0.005	0.005	529	528.916	155	903	
69	69.25	1	1	1	1	2	1058	2	1058	0.005	0	0.005	0.005	529	528.916	155	903	
70	70.25	1	1	1	1	2	1058	2	1058	0.005	0	0.005	0.005	529	528.916	155	903	
71	71.25	1	1	1	1	2	1058	2	1058	0.005	0	0.005	0.005	529	528.916	155	903	
72	72.25	1	1	1	1	2	1058	2	1058	0.005	0	0.005	0.005	529	528.916	155	903	
73	73.25	1	1	1	1	2	1058	2	1058	0.005	0	0.005	0.005	529	528.916	155	903	
74	74.25	1	1	1	1	2	1058	2	1058	0.005	0	0.005	0.005	529	528.916	155	903	
75	75.25	1	1	1	1	2	1058	2	1058	0.005	0	0.005	0.005	529	528.916	155	903	
76	76.25	1	1	1	1	2	1058	2	1058	0.005	0	0.005	0.005	529	528.916	155	903	
77	77.25	1	1	1	1	2	1058	2	1058	0.005	0	0.005	0.005	529	528.916	155	903	
78	78.25	1	1	1	1	2	1058	2	1058	0.005	0	0.005	0.005	529	62.2254	485	573	
79	79.25	1	1	1	1	2	1058	2	1058	0.005	0	0.005	0.005	529	62.2254	485	573	
80	80.25	1	1	1	1	2	1058	2	1058	0.005	0	0.005	0.005	529	62.2254	485	573	
81	81.25	1	1	1	1	2	1058	2	1058	0.005	0	0.005	0.005	529	62.2254	485	573	
82	82.25	1	1	1	1	2	1058	2	1058	0.005	0	0.005	0.005	529	62.2254	485	573	
83	83.25	1	1	1	1	2	1058	2	1058	0.005	0	0.005	0.005	529	62.2254	485	573	
84	84.25	1	1	1	1	2	1058	2	1058	0.005	0	0.005	0.005	529	62.2254	485	573	
85	85.25	1	1	1	1	2	1058	2	1058	0.005	0	0.005	0.005	529	62.2254	485	573	
86	86.25	1	1	1	1	2	1058	2	1058	0.005	0	0.005	0.005	529	62.2254	485	573	
87	87.25	1	1	1	1	2	1058	2	1058	0.005	0	0.005	0.005	529	62.2254	485	573	
88	88.25	1	1	1	1	2	1058	2	1058	0.005	0	0.005	0.005	529	62.2254	485	573	
89	89.25	1	1	1	1	2	1058	2	1058	0.005	0	0.005	0.005	529	62.2254	485	573	
90	90.25	1	1	1	1	2	1058	2	1058	0.005	0	0.005	0.005	529	62.2254	485	573	
91	91.25	1	1	1	1	2	1058	2	1058	0.005	0	0.005	0.005	529	62.2254	485	573	
92	92.25	1	1	1	1	2	1058	2	1058	0.005	0	0.005	0.005	529	62.2254	485	573	
93	93.25	1	1	1	1	2	1058	2	1058	0.005	0	0.005	0.005	529	62.2254	485	573	
94	94.25	1	1	1	1	2	1058	2	1058	0.005	0	0.005	0.005	529	62.2254	485	573	
95	95.25	1	1	1	1	2	1058	2	1058	0.005	0	0.005	0.005	529	62.2254	485	573	
96	96.25	1	1	1	1	2	1058	2	1058	0.005	0	0.005	0.005	529	62.2254	485	573	
97	97.25	1	1	1	1	2	1058	2	1058	0.005	0	0.005	0.005	529	62.2254	485	573	
98	98.25	1	1	1	1	2	1058	2	1058	0.005	0	0.005	0.005	529	62.2254	485	573	
99	99.25	1	1	1	1	2	1058	2	1058	0.005	0	0.005	0.005	529	62.2254	485	573	
100	100.25	1	1	1	1	2	1058	2	1058	0.005	0	0.005	0.005	529	62.2254	485	573	
101	101.25	1	1	1	1	2	1058	2	1058	0.005	0	0.005	0.005	529	62.2254	485	573	
102	102.25	1	1	1	1	2	1058	2	1058	0.005	0	0.005	0.005	529	62.2254	485	573	
103	103.25	1	1	1	1	4	1062	4	1062	0.005	0	0.005	0.005	265.5	167	15	349	
104	104.25	1	1	1	1	4	1062	4	1062	0.005	0	0.005	0.005	265.5	167	15	349	
105	105.25	1	1	1	1	4	1062	4	1062	0.005	0	0.005	0.005	265.5	167	15	349	
106	106.25	1	1	1	1	4	1062	4	1062	0.005	0	0.005	0.005	265.5	167	15	349	
107	107.25	1	1	1	1	4	1062	4	1062	0.005	0	0.005	0.005	265.5	167	15	349	
108	108.25	1	1	1	1	4	1062	4	1062	0.005	0	0.005	0.005	265.5	167	15	349	
109	109.25	1	1	1	1	4	1062	4	1062	0.005	0	0.005	0.005	265.5	167	15	349	
110	110.25	1	1	1	1	4	1062	4	1062	0.005	0	0.005	0.005	265.5	167	15	349	
111	111.25	1	1	1	1	4	1062	4	1062	0.005	0	0.005	0.005	265.5	167	15	349	
112	112.25	1	1	1	1	4	1062	4	1062	0.005	0	0.005	0.005	265.5	167	15	349	
113	113.25	1	1	1	1	4	1062	4	1062	0.005	0	0.005	0.005	265.5	167	15	349	
114	114.25	1	1	1	1	4	1062	4	1062	0.005	0	0.005	0.005	265.5	167	15	349	
115	115.25	1	1	1	1	4	1062	4	1062	0.005	0	0.005	0.005	265.5	167	15	349	
116	116.25	1	1	1	1	4	1062	4	1062	0.005	0	0.005	0.005	265.5	167	15	349	
117	117.25	1	1	1	1	4	1062	4	1062	0.005	0	0.005	0.005	265.5	167	15	349	
118	118.25	1	1	1	1	4	1062	4	1062	0.005	0	0.005	0.005	265.5	167	15	349	
119	119.25	1	1	1	1	4	1062	4	1062	0.005	0	0.005	0.005	265.5	167	15	349	
120	120.25	1	1	1	1	4	1062	4	1062	0.005	0	0.005	0.005	265.5	167	15	349	
121	121.25	1	1	1	1	4	1062	4	1062	0.005	0	0.005	0.005	265.5	167	15	349	
122	122.25	1	1	1	1	4	1062	4	1062	0.005	0	0.005	0.005	265.5	167	15	349	
123	123.25	1	1	1	1	4	1062	4	1062	0.005	0	0.005	0.005	265.5	167	15	349	
124	124.25	1	1	1	1	4	1062	4	1062	0.005	0	0.005	0.005	265.5	167	15	349	
125	125.25	1	1	1	1	4	1062	4	1062	0.005	0	0.005	0.005	265.5	167	15	349	
126	126.25	1	1	1	1	4	1062	4	1062	0.005	0	0.005	0.005	265.5	167	15	349	
127	127.25	1	1	1	1	4	1062	4	1062	0.005	0	0.005	0.005	265.5	167	15	349	
138.25	138.5	1	1	1	1	7	2443	7	2443	0.005	0	0.005	0.005	349	0	349	349	
139.25	139.5	1	1	1	1	5	1745	5	1745	0.005	0	0.005	0.005	349	0	349	349	
140.25	140.5	1	1	1	1	4	1396	4	1396	0.005	0	0.005	0.005	349	0	349	349	
141.25	141.5	1	1	1	1	4	1396	4	1396	0.005	0	0.005	0.005	349	0	349	349	
142.25	142.5	1	1	1	1	4	1396	4	1396	0.005	0	0.005	0.005	349	0	349	349	
143.25	143.5	1	1	1	1	4	1396	4	1396	0.005	0	0.005	0.005	349	0	349	349	
144.25	144.5	1	1	1	1	4	1396	4	1396	0.005	0	0.005	0.005	349	0	349	349	
145.25	145.5	1	1	1	1	4	1396	4	1396	0.005	0	0.005	0.005	349	0	349	349	
146.25	146.5	1	1	1	1	4	1396	4	1396	0.005	0	0.005	0.005	349	0	349	349	
147.25	147.5	1	1	1	1	4	1396	4	1396	0.005	0	0.005	0.005	349	0	349	349	
148.25	148.5	1	1	1	1	4	1396	4	1396	0.005	0	0.005	0.005	349	0	349	349	
149.25	149.5	1	1	1	1	19	6612	19	6612	0.005	0	0.005	0.005	348	4.3589	330	349	
150	150.25	1	1	1	1	4	1062	4	1062	0.005	0	0.005	0.005	265.5	167	15	349	
151	151.25	1	1	1	1	4	1062	4	1062	0.005	0	0.005	0.005	265.5	167	15	349	
152	152.25	1	1	1	1	4	1062	4	1062	0.005	0	0.005	0.005	265.5	167	15	349	
153	153.25	1	1	1	1	4	1062	4	1062	0.005	0	0.005	0.005	265.5	167	15	349	
154	154.25	1	1	1	1	4	1062	4	1062	0.005	0	0.005	0.005	265.5	167	15	349	
155	155.25	1	1	1	1	4	1062	4	1062	0.005	0	0.005	0.005	265.5	167	15	349	
156	156.25	1	1	1	1	4	1062	4	1062	0.005	0	0.005	0.005	265.5	167	15	349	
157	157.25	1	1	1	1	4	1062	4	1062	0.005	0	0.005	0.005	265.5	167	15	349	
158	158.25	1	1	1	1	4	1062	4	1062	0.005	0	0.005	0.005	265.5	167	15	349	
159	159.25	1	1	1	1	4	1062	4	1062	0.005	0	0.005	0.005	265.5	167	15	349	
160	160.25	1	1	1	1	4	1062	4	1062	0.005	0	0.005	0.005	265.5	167	15	349	
161	161.25	1	1	1	1	4	1062	4	1062	0.005	0	0.005	0.005	265.5	167	15	349	
162	162.25	1	1	1	1	4	1062	4	1062	0.005	0	0.005	0.005	265.5	167	15	349	
163	163.25	1	1	1	1	4	1062	4	1062	0.005	0	0.005	0.005	265.5	167	15	349	
164	164.25	1	1	1	1	4	1062	4	1062	0.005	0	0.005	0.005	265.5	167	15	349	
165	165.25	1	1	1	1	4	1062	4	1062	0.005	0	0.005	0.005	265.5	167	15	349	
166	166.25	1	1	1	1	4	1062	4	1062	0.005	0	0.005	0.005	265.5	167	15	349	
167	167.25	1	1	1	1	4	1062	4	1062	0.005	0	0.005	0.005	265.5	167	15	349	
168	168.25	1	1	1	1	4	1062	4	1062	0.005	0	0.005	0.005	265.5	167	15	349	
169	169.25	1	1	1	1	4	1062	4	1062	0.005	0	0.005	0.005	265.5	167	15	349	
170	170.25	1	1	1	1	1	349	0	0	0	0	0	0	0	0	0	0	
170.25	170.5	1	1	1	1	3	713	4	1062	0.005	0	0.005	0.005	265.5	167	15	349	
171.25	171.5	1	1	1	1	4	1062	4	1062	0.005	0	0.005	0.005	265.5	167	15	349	
172	172.25	1	1	1	1	4	1062	4	1062	0.005	0	0.005	0.005	265.5	167	15	349	
173	173.25	1	1	1	1	4	1062	4	1062	0.005	0	0.005	0.005	265.5	167	15	349	
174	174.25	1	1	1	1	4	1062	4	1062	0.005	0	0.005	0.005	265.5	167	15	349	
175	175.25	1	1	1	1	4	1062	4	1062	0.005	0	0.005	0.005	265.5	167	15	349	
176	176.25	1	1	1	1	4	1062	4	1062	0.005	0	0.005	0.005	265.5	167	15	349	
177	177.25	1	1	1	1	4	1062	4	1062	0.005	0	0.005	0.005	265.5	167	15	349	
178	178.25	1	1	1	1	4	1062	4	1062	0.005	0	0.005	0.005	265.5	167	15	349	
179	179.25	1	1	1	1	4	1062	4	1062	0.005	0	0.005	0.005	265.5	167	15	349	
180	180.25	1	1	1	1	4	1062	4	1062	0.005	0	0.005	0.005	265.5	167	15	349	
181	181.25	1	1	1	1	4	1062	4	1062	0.005	0	0.005	0.005	265.5	167	15	349	
182	182.25	1	1	1	1	4	1062	4	1062	0.005	0	0.005	0.005	265.5	167	15	349	
183	183.25	1	1	1	1	4	1062	4	1062	0.005	0	0.005	0.005	265.5	167	15	349	
184	184.25	1	1	1	1	4	1062	4	1062	0.005	0	0.005	0.005	265.5	167	15	349	
185	185.25	1	1	1	1	4	1062	4	1062	0.005	0	0.005	0.005	265.5	167	15	349	
186	186.25	1	1	1	1	4	1062	4	1062	0.005	0	0.005	0.005	265.5	167	15	349	
187	187.25	1	1	1	1	4	1062	4	1062	0.005	0	0.005	0.005	265.5	167	15	349	
188	188.25	1	1	1	1	4	1062	4	1062	0.005	0	0.005	0.005	265.5	167	15	349	
189	189.25	1	1	1	1	4	1062	4	1062	0.005	0	0.005	0.005	265.5	167	15	349	
190	190.25	1	1	1	1	4	1062	4	1062	0.005	0	0.005	0.005	265.5	167	15	349	
191	191.25	1	1	1	1	4	1062	2	698	0.005	0	0.005	0.005	349	0	349	349	
192.25	192.5	1	1	1	1	4	1062	4	1062	0.005	0	0.005	0.005	265.5	167	15	349	
193	193.25	1	1	1	1	4	1062	4	1062	0.005	0	0.005	0.005	265.5	167	15	349	
194	194.25	1	1	1	1	4	1062	4	1062	0.005	0	0.005	0.005	265.5	167	15	349	
195	195.25	1	1	1	1	4	1062	4	1062	0.005	0	0.005	0.005	265.5	167	15	349	
196	196.25	1	1	1	1	4	1062	4	1062	0.005	0	0.005	0.005	265.5	167	15	349	
197	197.25	1	1	1	1	4	1062	4	1062	0.005	0	0.005	0.005	265.5	167	15	349	
198	198.25	1	1	1	1	4	1062	4	1062	0.005	0	0.005	0.005	265.5	167	15	349	
199	199.25	1	1	1	1	4	1062	4	1062	0.005	0	0.005	0.005	265.5	167	15	349	
